well	sample	name	n_root	n_cells	n_induction	FSC.H	BL1.H	YL2.H	nGFP	nRFP
A1	188-555-1	188-555-1	29210	27242	20383	429754	1588.9998779296875	20356.005859375	1952.2833994642788	25525.15912941408
A2	194-555-1	194-555-1	18284	17692	15230	389811	1728.000244140625	24352.998046875	2280.5549527358753	32571.804536753276
A3	194-555-2	194-555-2	17020	16542	13941	356912	1630.0001220703125	22382.998046875	2367.409232054575	33041.95299170418
A4	194-555-3	194-555-3	18322	17648	14954	382682.5	1735	23833.998046875	2331.3144986074713	32867.26707456029
A5	188-373-1	188-373-1	20934	20004	15616	316842.5	1291.000244140625	14880.001953125	2120.2509519327855	24702.226728469293
A6	209-373-1	209-373-1	22353	21193	17993	468788	2697.00048828125	14504.9970703125	3026.29777482557	16697.63499268989
A7	209-373-2	209-373-2	23181	21727	18233	482579	2959.99951171875	18151.998046875	3177.81585934215	19682.254494195993
A8	209-373-3	209-373-3	22091	20821	17690	484103	3384.0009765625	20952.501953125	3811.980801684852	23681.612595673276
A9	188-555-2	188-555-2	20783	19607	15109	368905	1585.0001220703125	23400.00390625	2235.9691228649895	32777.97534856007
A10	230-555-1	230-555-1	19733	18740	17213	464603	1703	36372.9921875	1880.0739538060886	40642.32426090616
A11	230-555-2	230-555-2	20510	19120	17435	466298	1699.0003662109375	36894.00390625	1882.2749055551542	41071.30875573612
A12	230-555-3	230-555-3	21039	19519	17921	482288	1811.0003662109375	39533.9921875	1917.081552856161	42747.19891840908
B1	NA-blank-1	blank1	6984	480	406	161319	870	422.99998474121094	2436.446646844939	1186.5773460025118
B2	194-373-1	194-373-1	19513	18729	16262	372760	1713.4999389648438	1206.5	2299.92687169367	1594.462959173463
B3	194-373-2	194-373-2	20336	19307	16826	386922.5	1911.0001220703125	1520.9998779296875	2444.8815113462724	1915.6058310321428
B4	194-373-3	194-373-3	18667	17919	15554	361657.5	1608.000244140625	1106	2222.868665122327	1489.4003689108742
B5	NA-156-1	yH156-1	16525	16341	14239	366749	593	76	842.6682818136807	98.45796918802607
B6	209-555-1	209-555-1	18525	17893	14839	313182	1490.9996337890625	9382.9990234375	2453.9569264831016	15570.153057279731
B7	209-555-2	209-555-2	18157	17493	14900	346121	1658.999755859375	10153.001953125	2480.0778708604357	14979.917186824732
B8	209-555-3	209-555-3	19318	18455	15339	336790	1622.9998779296875	10489	2478.2654583198014	16010.459450097109
B9	NA-373-1	yH373-1	16918	16553	14253	339587	566.00006103515625	713.99993896484375	855.1968943067228	1079.703729296681
B10	230-373-1	230-373-1	21822	20531	18394	347853.5	3789	9187.49951171875	5651.183329313647	13666.954625338556
B11	230-373-2	230-373-2	21920	20510	18162	389711	4520.0009765625	10050.998046875	5902.7458402766715	13018.296469405423
B12	230-373-3	230-373-3	22625	20958	18531	418239	3122.999267578125	6648	3928.2084670118206	8925.75251896464
C1	188-373-2	188-373-2	20046	19215	15783	351219	1423.999755859375	14611.0009765625	2109.5057260298545	21400.967448681447
C2	211-555-1	211-555-1	24258	21947	19415	548032	2788.000244140625	49888.9921875	2606.910114663576	47848.46329271478
C3	211-555-2	211-555-2	29078	24376	21018	581994.5	3081.000732421875	59031.501953125	2712.296215928186	53363.55786496635
C4	211-555-3	211-555-3	32306	25693	22248	602559	3198.5	66835.99609375	2744.883772714481	58463.502217882284
C5	188-555-3	188-555-3	18837	17865	14811	361803	1455.999755859375	18818.00390625	2082.6491137147245	26801.7735668159
C6	218-373-1	218-373-1	19412	18339	9790	419687.5	6044.998779296875	11874.0029296875	8299.12327147005	17366.791311396628
C7	218-373-2	218-373-2	21051	20055	17988	432814.5	5313.999755859375	870.00006103515625	6218.847438910316	1005.9711204068401
C8	218-373-3	218-373-3	20355	19191	16962	411041.5	4659.499267578125	849.00006103515625	5573.766338601956	1061.5726994256847
C9	188-373-3	188-373-3	20397	18321	16854	431138	2024	23828.4990234375	2454.1546580104746	28640.99482661618
C10	232-555-1	232-555-1	17082	16071	14830	399035.5	1716.499755859375	33369.00390625	2291.9990000325665	45145.928511799604
C11	232-555-2	232-555-2	18074	17024	13497	364973	1538.0001220703125	28644.00390625	2182.2455506926844	42233.802027906204
C12	232-555-3	232-555-3	18654	17601	16183	416644	1764.99951171875	34284.9921875	2244.877760333754	44435.7079705675
D1	NA-555-1	yH555-1	15241	15120	13398	351199.5	594	423.9999694824219	867.4604537494131	613.9245811164515
D2	211-373-1	211-373-1	25991	25393	22356	391687	2338.499755859375	9172.5009765625	3210.6395333652986	14305.36293548347
D3	211-373-2	211-373-2	20337	16665	13758	384284	3395	14264.00146484375	4694.6088560241005	19727.283942137416
D4	211-373-3	211-373-3	24521	21507	17187	385153	3440.000732421875	15575.99609375	4664.233105100904	21138.880035784852
D5	NA-blank-2	blank2	2960	185	166	161633	950.5001220703125	465.0000305175781	2731.731240137691	1383.869196791826
D6	218-555-1	218-555-1	17665	17139	15858	397304	3108.000244140625	681.99993896484375	3811.134604504705	870.1429687292002
D7	218-555-2	218-555-2	16341	16010	14584	375625.5	2656.000244140625	597.99993896484375	3417.9375422792496	803.4765625560544
D8	218-555-3	218-555-3	18358	17780	16172	393874	3510.4993896484375	689.00006103515625	4364.96139801176	897.2333698312697
D9	NA-156-2	yH156-2	17325	17168	15326	371613.5	537.99993896484375	73	754.723981724751	94.25593871132702
D10	232-373-1	232-373-1	18958	18131	16127	369078	1292.000244140625	1121.999755859375	1753.362393125842	1558.394935603963
D11	232-373-2	232-373-2	18269	17144	14903	347104	2149.00048828125	1866.0001220703125	2704.7941091908574	2500.008581265153
D12	232-373-3	232-373-3	18677	17820	15912	367369.5	1550.5000610351562	1323.0001220703125	2028.0560971208783	1800.1248236650986
E1	188-555-4	188-555-4	18433	17460	14558	371551.5	1502.999755859375	17738.00390625	2105.649781391685	24813.162187579277
E2	213-555-1	213-555-1	16811	16298	14344	332825	1461	12966.49951171875	2261.697958883718	20260.76029552699
E3	213-555-2	213-555-2	16287	15734	13813	336778	1455.999755859375	13112	2220.1262718312696	20039.554352346764
E4	213-555-3	213-555-3	17551	16673	14807	361630	1616.9998779296875	14406.0029296875	2289.1375620485233	20487.73540216413
E5	188-373-4	188-373-4	19094	18035	15159	340733	1418.9996337890625	15710.9990234375	2134.6478283240444	23736.45080543461
E6	220-373-1	220-373-1	18612	17935	15943	353723	1178.999755859375	2057.99951171875	1689.6863174785278	2920.78795412231
E7	220-373-2	220-373-2	18446	17442	15363	358060	1180.999755859375	2102.00048828125	1650.6407653450713	2908.2151399001937
E8	220-373-3	220-373-3	17298	16372	14476	352659.5	1114	1890.0001220703125	1588.5461253007998	2644.738267507434
E9	188-555-5	188-555-5	18463	17374	14487	360743	1414.000244140625	18253.99609375	2025.6994309712481	26329.793651321397
E10	234-555-1	234-555-1	32314	23691	17224	583476	1916.9996337890625	58519.986328125	1709.8773311429145	53619.16742494102
E11	234-555-2	234-555-2	23186	14321	10109	636125	2201.999755859375	70884.984375	1787.701239235478	58895.86429267833
E12	234-555-3	234-555-3	18704	10964	7346	596440.5	2021.999755859375	65758.49609375	1779.4663861540237	59132.00127342813
F1	NA-373-2	yH373-2	18459	18124	15966	383636	603.99993896484375	666	817.7693653538736	888.5826234713395
F2	213-373-1	213-373-1	18798	18279	15651	328927	1405	11097.998046875	2192.6271147956368	17116.184401162223
F3	213-373-2	213-373-2	19196	18323	15802	332336	1457.5000610351562	10927.998046875	2255.5706178507444	16680.040484781675
F4	213-373-3	213-373-3	19823	18895	16464	349116	1523.000244140625	11835.49755859375	2226.7718139167346	17350.446406990446
F5	NA-555-2	yH555-2	16125	15972	14364	351398	590.99993896484375	426.9999694824219	867.2925696221744	614.6816973105165
F6	220-555-1	220-555-1	17708	17026	15195	339546	1165.999755859375	2045.0001220703125	1729.623799793245	3020.896371756783
F7	220-555-2	220-555-2	17848	17306	15647	344172	1119.999755859375	1941.000244140625	1632.9300063868754	2801.7870355375026
F8	220-555-3	220-555-3	18438	17720	16050	351915	1369.0003662109375	2786.00048828125	1943.0194806658333	4042.8398646180603
F9	NA-blank-3	blank3	6274	418	359	151645	796	387	2353.4525344382696	1173.1224551081732
F10	234-373-1	234-373-1	19248	17897	14932	301272.5	2211.999755859375	5102.99951171875	3670.493963722606	8541.290871579115
F11	234-373-2	234-373-2	20261	18920	16978	342214	3070.99951171875	7445.99951171875	4458.9378155793	10849.051641636925
F12	234-373-3	234-373-3	21369	19580	16712	310862.5	2471.5	5939.9990234375	3885.026893566977	9610.335426094256
G1	188-373-5	188-373-5	19370	18512	15857	355545	1430.999755859375	14903.0009765625	2066.65311965871	21515.6877769173
G2	215-555-1	215-555-1	17165	16700	15200	334770.5	2063.000244140625	6181.500244140625	3035.394241889212	8975.292872854885
G3	215-555-2	215-555-2	18568	18073	16295	334815	1795.999755859375	5170.99853515625	2668.8046153459	7591.613165916691
G4	215-555-3	215-555-3	19126	18516	16798	343148.5	1947.500244140625	5195.99951171875	2762.7144409572984	7484.807713503984
G5	188-555-6	188-555-6	18767	17983	15560	368403.5	1396	17218.99609375	1963.7406230841877	24243.792426857304
G6	221-373-1	221-373-1	19532	18795	17217	341393	1814.999755859375	6729	2648.182979582857	9685.679428088466
G7	221-373-2	221-373-2	19736	19151	17628	342998.5	1583	5554	2334.6109289101933	8087.239758012713
G8	221-373-3	221-373-3	20561	19512	17060	336689	1484.9996337890625	4549	2257.0474551911916	6881.359510016616
G9	188-373-6	188-373-6	19522	18408	15921	357575	1397.000244140625	14974	2009.934603632161	21524.631789787632
G10	235-555-1	235-555-1	16862	15898	14572	320488	1753.9998779296875	2477.99951171875	2729.8155602790193	3913.0566403331795
G11	235-555-2	235-555-2	18250	17345	15735	345983	2080.999755859375	3342.000244140625	2952.126859499475	4788.740381037214
G12	235-555-3	235-555-3	17596	16587	15223	342280	1838.9996337890625	2980.000244140625	2692.7183832647634	4488.795059858039
H1	NA-156-3	yH156-3	15307	15077	13579	362600	494.9999694824219	75	711.4263276993842	99.28784691229052
H2	215-373-1	215-373-1	19558	18777	16537	326665	2526.000732421875	8126.998046875	3831.4119859605344	12464.86208520703
H3	215-373-2	215-373-2	18202	17457	15842	329708.5	2971.000244140625	10139.001953125	4445.5548020139095	15266.496174004224
H4	215-373-3	215-373-3	20244	19172	17382	372086.5	3930.00048828125	12532.50146484375	5271.509581012442	16850.385870389164
H5	NA-373-3	yH373-3	18293	17916	15880	366206	608	645.00006103515625	854.66240058495	891.6578144930959
H6	221-555-1	221-555-1	23946	22790	17792	446742	1532.9998779296875	38576.501953125	1772.6619408663269	45851.05230566395
H7	221-555-2	221-555-2	22053	20882	17126	461270	1661.9996337890625	39464.501953125	1844.5200881380595	44693.98412593529
H8	221-555-3	221-555-3	22389	21131	16845	442540	1474.9996337890625	36147.00390625	1725.1043985370252	43158.122427916845
H9	NA-555-3	yH555-3	16860	16754	15083	353624	580	488	850.7260257652271	703.1498855358307
H10	235-373-1	235-373-1	18215	16673	15264	323106	2489.99951171875	4592.99951171875	3933.038987712412	7524.658746944139
H11	235-373-2	235-373-2	18615	17181	15875	356592	3607	6460.00048828125	5060.440694715795	9151.081694329856
H12	235-373-3	235-373-3	21137	19368	17994	354689	2495.99951171875	4302.5	3592.5466531935567	6445.424243632626
