well	sample	name	n_root	n_cells	n_induction	FSC.H	BL1.H	YL2.H	nGFP	nRFP
A1	188-555-1	188-555-1	29210	27242	25257	546897	2285	28913	2279.3	30430
A2	194-555-1	194-555-1	18284	17692	16569	417130	1891	26677	2613.3	37912.5
A3	194-555-2	194-555-2	17020	16542	15290	383219.5	1794	24766.5	2853.8	40203.5
A4	194-555-3	194-555-3	18322	17648	16474	410863.5	1922	26491	2711.3	38532.5
A5	188-373-1	188-373-1	20934	20004	18690	371604.5	1594	18486	2713.5	31871.3
A6	209-373-1	209-373-1	22353	21193	20095	418244	2302	12552	3370.5	18854.4
A7	209-373-2	209-373-2	23181	21727	20522	426040	2473.5	15243.5	3499.2	21523.5
A8	209-373-3	209-373-3	22091	20821	19651	435718	2942	18258	4082.8	25406.7
A9	188-555-2	188-555-2	20783	19607	17990	427417.5	1935	29153.5	2750.8	40576.4
A10	230-555-1	230-555-1	19733	18740	17018	464009	1699	36264.5	2013.2	43590.6
A11	230-555-2	230-555-2	20510	19120	17279	466229	1697	36767	2017	44253.6
A12	230-555-3	230-555-3	21039	19519	17736	482223	1808	39486.5	2034.8	45289.1
B1	NA-blank-1	blank1	6984	480	401	161193	869	419	4283.4	2040.1
B2	194-373-1	194-373-1	19513	18729	17902	404928	1938	1407	2780.1	1984
B3	194-373-2	194-373-2	20336	19307	18557	425010	2219	1800	2922.3	2354.2
B4	194-373-3	194-373-3	18667	17919	17023	392771	1823	1270	2667.9	1832.4
B5	NA-156-1	yH156-1	16525	16341	15296	384407	631	79	979.1	108.6
B6	209-555-1	209-555-1	18525	17893	16869	348831	1723	11049	3122.9	20184.9
B7	209-555-2	209-555-2	18157	17493	16368	375065.5	1857.5	11435.5	3030.1	18613.7
B8	209-555-3	209-555-3	19318	18455	17386	376040.5	1883	12347	3085	20308.6
B9	NA-373-1	yH373-1	16918	16553	15404	361358	617	790	1038.2	1338.3
B10	230-373-1	230-373-1	21822	20531	19561	389901	4333	10603	6996	17308.1
B11	230-373-2	230-373-2	21920	20510	19565	430008	5173	11586	6984	15628.3
B12	230-373-3	230-373-3	22625	20958	19810	467274.5	3659	8133	4672.9	11070.1
C1	188-373-2	188-373-2	20046	19215	18085	399147	1688	17533	2572.2	26431.1
C2	211-555-1	211-555-1	24258	21947	19482	547793	2798	49742.5	2552.4	46279.9
C3	211-555-2	211-555-2	29078	24376	21241	581266	3090	58475	2583.9	50132
C4	211-555-3	211-555-3	32306	25693	22466	602939.5	3200	66195	2581.4	54470.2
C5	188-555-3	188-555-3	18837	17865	16521	393609	1646	21607	2508.5	32477
C6	218-373-1	218-373-1	19412	18339	8798	402189.5	3476	876	4788.3	1218.5
C7	218-373-2	218-373-2	21051	20055	16589	441287	5286	821	6401.3	1038.4
C8	218-373-3	218-373-3	20355	19191	17855	434290	5166	923	6398.9	1206.9
C9	188-373-3	188-373-3	20397	18321	16742	431463.5	2028	23842	2754.7	32154.1
C10	232-555-1	232-555-1	17082	16071	14526	397214.5	1707	33141	2572.3	50418.7
C11	232-555-2	232-555-2	18074	17024	15612	404905.5	1748	32960	2603.7	50722.5
C12	232-555-3	232-555-3	18654	17601	15931	414760	1757	34094	2498.4	49450.7
D1	NA-555-1	yH555-1	15241	15120	14438	372274	637	465	1026.5	741.7
D2	211-373-1	211-373-1	25991	25393	24177	461109	2800	11294	3860.9	18696.6
D3	211-373-2	211-373-2	20337	16665	15599	438795	4104	17238	5644.3	23809.6
D4	211-373-3	211-373-3	24521	21507	20260	469250	4463	20173.5	5609.9	25633.3
D5	NA-blank-2	blank2	2960	185	162	162961	950.5	465	4547	2290.6
D6	218-555-1	218-555-1	17665	17139	16223	415289	3375	732	4388.9	996.3
D7	218-555-2	218-555-2	16341	16010	15197	392073	2892	641	4052.9	949.5
D8	218-555-3	218-555-3	18358	17780	16865	413859	3873	749	5098.1	1035.8
D9	NA-156-2	yH156-2	17325	17168	16079	384960	562	76	865.9	102.9
D10	232-373-1	232-373-1	18958	18131	17320	394973	1425	1257.5	2047.6	1874.5
D11	232-373-2	232-373-2	18269	17144	16360	378634.5	2503.5	2200.5	3421.8	3204.2
D12	232-373-3	232-373-3	18677	17820	16887	390945	1713	1471	2391.8	2150.3
E1	188-555-4	188-555-4	18433	17460	16262	403152.5	1701	20394	2531.5	29913.2
E2	213-555-1	213-555-1	16811	16298	15188	348791.5	1557.5	13951	2782.2	25122.9
E3	213-555-2	213-555-2	16287	15734	14544	350845	1541	14008	2706	24756.8
E4	213-555-3	213-555-3	17551	16673	15528	377951.5	1715.5	15560.5	2726.3	24564.5
E5	188-373-4	188-373-4	19094	18035	16869	369579	1591	17858	2618	29450.8
E6	220-373-1	220-373-1	18612	17935	17032	375856	1284	2299	2005.1	3594.4
E7	220-373-2	220-373-2	18446	17442	16533	381719	1292	2345	1959	3546.4
E8	220-373-3	220-373-3	17298	16372	15380	371684	1193	2068	1875	3199.9
E9	188-555-5	188-555-5	18463	17374	15966	387210.5	1576	20699.5	2440.6	32042
E10	234-555-1	234-555-1	32314	23691	16464	577616	1892	57872	1626.5	50620.2
E11	234-555-2	234-555-2	23186	14321	9688	631753.5	2180	70305.5	1641.8	53935.7
E12	234-555-3	234-555-3	18704	10964	7003	591812	1995	65075	1682.4	55845.2
F1	NA-373-2	yH373-2	18459	18124	17151	410569	667	743	942.1	1057.3
F2	213-373-1	213-373-1	18798	18279	17273	356924	1559	12445	2682.4	21316.5
F3	213-373-2	213-373-2	19196	18323	17357	358964	1628	12342	2762.7	20664
F4	213-373-3	213-373-3	19823	18895	17874	378953	1692.5	13334.5	2661.2	21093.4
F5	NA-555-2	yH555-2	16125	15972	15232	369582.5	634	463	1023.1	736.9
F6	220-555-1	220-555-1	17708	17026	16250	360831	1275	2271	2100.8	3802.7
F7	220-555-2	220-555-2	17848	17306	16493	362421	1196	2120	1950.2	3440.8
F8	220-555-3	220-555-3	18438	17720	16899	372563	1478	3090	2341.6	5051.9
F9	NA-blank-3	blank3	6274	418	358	151228.5	796.5	387.5	4031.8	1997.4
F10	234-373-1	234-373-1	19248	17897	16917	337487	2657	6146	4743	11239.7
F11	234-373-2	234-373-2	20261	18920	17970	370260	3419	8420	5403.1	13354.2
F12	234-373-3	234-373-3	21369	19580	18441	348465	2889	7093	4914.7	12550.1
G1	188-373-5	188-373-5	19370	18512	17396	384481	1600	16938.5	2482.6	26345.3
G2	215-555-1	215-555-1	17165	16700	15863	352826	2248	6827	3701.7	11159.2
G3	215-555-2	215-555-2	18568	18073	17210	357798	1994	5795.5	3278.5	9450
G4	215-555-3	215-555-3	19126	18516	17621	368132	2159	5877	3351.7	9277.5
G5	188-555-6	188-555-6	18767	17983	16752	391202	1520	19125	2330.6	29273.7
G6	221-373-1	221-373-1	19532	18795	17942	362392.5	1985	7430	3237	11907.6
G7	221-373-2	221-373-2	19736	19151	18357	363166	1715	6134	2822.7	9952.5
G8	221-373-3	221-373-3	20561	19512	18657	369696	1693	5266	2783	8697.3
G9	188-373-6	188-373-6	19522	18408	17233	381965	1533	16663	2410.6	25998.2
G10	235-555-1	235-555-1	16862	15898	15060	335926	1874	2722	3428.7	5034.6
G11	235-555-2	235-555-2	18250	17345	16507	367825	2293	3841	3618.6	6091.7
G12	235-555-3	235-555-3	17596	16587	15730	357235.5	1967	3279.5	3320.7	5628
H1	NA-156-3	yH156-3	15307	15077	14196	374332.5	517.5	77	825.6	111.1
H2	215-373-1	215-373-1	19558	18777	17900	354825	2844	9240	4706.8	15614.5
H3	215-373-2	215-373-2	18202	17457	16611	351076	3227	11116	5430.9	18845.7
H4	215-373-3	215-373-3	20244	19172	18338	402457.5	4338	13987.5	6187.4	19866.2
H5	NA-373-3	yH373-3	18293	17916	16878	387130.5	658.5	706	992	1062
H6	221-555-1	221-555-1	23946	22790	20928	513772	1862	47546.5	2018.1	52638.8
H7	221-555-2	221-555-2	22053	20882	19212	506017	1911	45964	2031.2	49987.6
H8	221-555-3	221-555-3	22389	21131	19498	493264	1751	43048	1952.6	49413.8
H9	NA-555-3	yH555-3	16860	16754	15954	372471	621	530	1001	842.5
H10	235-373-1	235-373-1	18215	16673	15635	336746	2692	4988	4952.4	9571.9
H11	235-373-2	235-373-2	18615	17181	16222	371713.5	3860	6938.5	6055.8	11056.7
H12	235-373-3	235-373-3	21137	19368	18430	377579.5	2733	4760.5	4367.3	7920.7
